447.975242 379.306081 401.952752 479.311284 14.631970 0.555556 0.821229 
543.093884 176.860086 529.553127 205.111252 12.799596 0.138889 67.606902 
476.261053 315.899009 465.611652 340.619250 11.815708 0.138889 46.194454 
519.263801 226.192322 493.197918 278.165387 14.573326 0.069444 143.017447 
572.745116 118.490465 566.639819 133.026220 10.372227 0.138889 6.200448 
562.554474 140.937750 551.272554 162.851905 14.513663 0.069444 36.457843 
492.668325 278.435874 484.543193 299.170563 14.469418 0.138889 36.173432 
459.280529 294.369864 478.786372 254.049671 17.024700 0.138889 100.111487 
429.292037 373.144434 423.905361 350.149381 14.089570 0.277778 4.241293 
528.815132 205.225179 522.035922 220.695517 12.310904 0.069444 29.664524 
485.487611 241.832592 491.776396 221.458727 12.961596 0.138889 29.328909 
178.206701 142.687217 160.585791 143.385322 8.214169 0.138889 1.424223 
599.440649 68.670119 591.711252 87.325072 12.620029 0.138889 32.501612 
313.140577 415.632308 305.509458 431.897900 13.048838 0.277778 0.409446 
344.224360 203.992876 326.393690 200.897955 7.222566 0.138889 7.187718 
485.730989 298.432541 477.530122 316.738532 14.984917 0.138889 5.907044 
465.436745 340.644211 456.646854 359.842845 12.830664 0.069444 33.595785 
550.503462 163.035390 543.390247 176.955534 10.660101 0.069444 18.537923 
620.618477 28.803026 599.175229 68.129237 10.373883 0.138889 65.705929 
521.553824 220.927075 519.339021 227.737184 9.480794 0.138889 0.848403 
580.556473 104.339055 573.256746 118.255459 6.478742 0.138889 25.392786 
544.074504 124.885388 594.408924 26.254399 12.070221 0.555556 4.807390 
589.346416 88.108603 582.094375 100.750841 9.918126 0.069444 13.273610 
534.913290 143.338549 542.448632 124.344367 13.904743 0.138889 39.532574 
595.920961 26.552174 604.030740 2.585538 10.237875 0.138889 32.071233 
47.280455 89.490176 35.438031 98.303405 10.284312 0.138889 4.909121 
457.392298 360.292455 448.497651 379.890172 17.178804 0.138889 28.283978 
11.833961 386.826858 21.541725 378.551361 7.637676 0.555556 1.806772 
377.380589 478.928206 426.095909 372.449911 14.895820 0.555556 14.096655 
326.795973 191.022546 341.945525 197.971242 11.174028 0.138889 4.116671 
41.634353 77.310853 50.344548 88.109467 6.139223 0.277778 5.085857 
450.401181 319.308447 457.978771 293.824899 15.932255 0.138889 57.205756 
443.686730 331.572505 449.672415 317.953217 15.102620 0.138889 32.051398 
481.811455 223.002456 501.185587 212.956075 14.015070 0.555556 7.430544 
15.689111 394.692323 6.801529 384.251594 10.957986 0.277778 4.971733 
500.198255 211.074816 535.308315 141.763765 14.496217 0.555556 1.187145 
13.512346 40.991436 4.977929 50.012860 7.117369 0.277778 1.019523 
630.430846 13.491591 621.246734 28.505323 12.268422 0.138889 16.283487 
29.258055 77.871372 39.360823 78.397317 4.754775 0.138889 0.139017 
498.689761 19.528649 512.868321 22.941395 4.746528 0.277778 1.333123 
439.910491 342.547506 443.670935 329.755304 11.498388 0.138889 13.254658 
326.053049 199.241700 319.350436 201.810917 5.220343 0.138889 0.607750 
249.880775 7.833965 234.534687 15.927771 4.796404 0.277778 4.091708 
141.637421 425.472900 122.761527 409.370478 11.578650 0.138889 23.595598 
428.374544 340.860965 438.511598 344.567764 6.576386 0.138889 3.364249 
295.064798 407.205773 310.927780 410.345015 12.517749 0.138889 7.867316 
53.189113 316.471670 60.566548 294.780256 19.715762 0.277778 5.427342 
63.744363 20.435237 68.374819 35.548459 10.024102 0.138889 1.527406 
479.443488 253.959130 485.002826 240.439126 12.306210 0.069444 39.511579 
39.920445 38.480074 28.740496 31.666047 6.637965 0.277778 4.870006 
292.790130 425.216156 288.287246 403.348990 11.782618 0.277778 0.096704 
128.965691 412.792924 147.824738 408.154250 8.795310 0.277778 2.456761 
57.592400 44.409165 48.746720 39.189797 8.752823 0.138889 0.598712 
57.460095 13.691104 63.171677 20.399517 7.331255 0.138889 3.880320 
1.463566 71.876953 1.380470 54.371414 2.553373 0.069444 17.870174 
1.472313 51.876421 1.554068 3.124462 2.569171 0.555556 5.635860 
33.055287 1.093502 45.830428 2.994427 4.247469 0.069444 1.470285 
164.136494 138.599124 173.212651 133.274404 8.366490 0.138889 4.424264 
302.560363 428.636829 292.467069 425.157467 7.905282 0.138889 22.367695 
72.176168 293.016026 91.125290 308.773372 20.476505 0.555556 7.792822 
0.624874 1.542169 31.875344 1.530300 2.511869 0.017361 62.086893 
235.110170 236.254241 248.784672 224.913209 3.627659 0.277778 3.247667 
50.694873 37.764710 41.803376 38.462996 9.016740 0.277778 1.318946 
595.613847 1.021025 638.185691 2.219950 3.818892 0.555556 6.075357 
635.030200 406.301980 631.466632 390.011198 10.154729 0.277778 2.751075 
264.042252 266.381026 266.508009 289.678437 18.060616 0.277778 6.772325 
328.676359 453.336370 374.594242 477.712000 7.305732 0.138889 41.449889 
113.107587 368.852771 95.933798 410.532346 11.284439 0.277778 21.931428 
626.389692 450.753445 614.876675 446.700066 4.293532 0.277778 0.519690 
620.100417 436.402737 627.848894 448.304751 6.253919 0.277778 1.019523 
515.759104 345.256537 502.798415 347.228184 10.182074 0.138889 7.497307 
90.639064 330.324213 68.072903 330.119561 16.317089 0.555556 7.950212 
203.398819 325.721561 217.995590 284.329364 13.041544 0.138889 47.797166 
139.692082 432.340716 133.663771 449.119468 9.392507 0.277778 4.227962 
499.318641 471.387292 509.448106 472.136202 7.110923 0.138889 1.959088 
621.884145 209.336659 638.387838 213.273019 5.097716 0.138889 0.287934 
105.638065 470.920832 90.623774 470.831839 12.529416 0.138889 2.325077 
534.007213 124.382342 534.075080 93.118922 13.768962 0.277778 21.652857 
638.148732 381.115928 625.599944 381.286992 8.800302 0.138889 2.516686 
228.009119 301.320103 214.551279 334.446614 16.538931 0.555556 9.032881 
251.609265 287.010548 254.673450 264.760389 13.450904 0.138889 18.285920 
132.930841 373.917845 139.632304 352.747837 10.288216 0.138889 18.158095 
103.565021 454.594450 113.498698 470.884892 10.722237 0.138889 3.407907 
336.451085 265.432304 333.003675 250.653301 10.753417 0.277778 5.822622 
612.910287 448.064024 615.818098 437.824852 4.772674 0.277778 0.519690 
380.587443 270.577758 381.612490 296.885228 12.820670 0.277778 4.644200 
19.803953 374.262504 37.874023 385.875460 11.040012 0.555556 16.191433 
365.741733 477.727763 352.882852 473.949016 5.128017 0.277778 1.566397 
354.278230 4.417773 334.203576 2.915097 10.998477 0.555556 2.307449 
70.882285 336.045077 55.171415 343.543636 17.947036 0.555556 15.276281 
121.847966 440.599467 132.767900 429.037723 11.410137 0.555556 6.416932 
353.908413 474.404768 334.647228 463.876945 10.076016 0.138889 14.553218 
63.851612 443.740057 61.020561 457.220585 7.462344 0.138889 3.114145 
91.790044 475.268521 69.418713 476.451591 6.307291 0.277778 1.684530 
42.874873 341.268383 53.360779 324.972384 15.996183 0.138889 21.600167 
251.868706 442.325990 241.783399 470.138512 10.046774 0.138889 16.519850 
372.419899 296.088408 360.850379 291.327325 10.470106 0.138889 4.993744 
206.850622 256.592771 188.112512 256.120763 7.497622 0.138889 1.384370 
287.258078 463.976011 265.377595 473.825388 7.007878 0.277778 4.655778 
334.970873 245.800853 348.531618 237.542710 13.974819 0.277778 2.772182 
86.560614 469.380165 100.666785 451.652917 10.338843 0.555556 0.618914 
265.679380 467.996569 284.297366 457.756548 7.612172 0.138889 10.306131 
96.820239 305.358579 89.806299 322.795684 13.223146 0.555556 13.899566 
268.160504 290.337434 255.275514 300.515060 13.889202 0.555556 3.158996 
546.389791 473.895745 553.928491 466.415283 9.732927 0.138889 2.792193 
240.762660 292.474609 253.454623 289.560741 6.835546 0.555556 0.275137 
510.620611 471.559131 519.377550 471.534586 5.021003 0.138889 5.451437 
239.925756 449.546857 241.755446 430.375000 11.674137 0.138889 1.519528 
371.562124 231.675432 382.248124 222.142102 10.690022 0.277778 4.149842 
134.901275 455.511742 146.619961 460.035651 8.081483 0.138889 2.168069 
388.921340 249.963840 371.793025 254.029660 9.956914 0.138889 9.759460 
297.572958 121.753359 271.308746 132.323880 21.099106 0.555556 5.769665 
321.927572 456.765232 310.828756 451.449568 6.716733 0.277778 2.272926 
142.325950 467.309426 127.988782 459.382070 8.378057 0.277778 3.710658 
249.861577 425.562477 250.453973 442.016172 9.149115 0.138889 5.877646 
236.912459 469.370040 236.999347 448.130622 9.984576 0.138889 19.366394 
191.538306 333.057041 201.784613 325.140212 5.520430 0.277778 0.652862 
395.799479 215.361294 390.748464 235.961759 14.866148 0.138889 31.817318 
359.721655 269.637896 336.795587 267.960197 15.872291 0.277778 8.769425 
545.085550 96.786156 541.746613 117.059723 7.960864 0.555556 3.641596 
56.026923 349.831298 43.055321 343.262599 13.410532 0.555556 6.530217 
55.521601 290.177964 65.675163 291.485451 8.678344 0.555556 0.530410 
74.738052 441.859359 86.704153 437.640429 7.346631 0.277778 1.859802 
161.661412 356.644673 137.777140 380.258865 12.404323 0.138889 40.142702 
383.392622 299.980502 366.562934 307.418940 8.243143 0.277778 4.971733 
269.048387 118.205843 289.947512 104.585462 18.073735 0.277778 24.276302 
49.285911 319.292609 44.759957 311.103067 6.794666 0.138889 7.880466 
52.597448 392.879710 58.032873 400.049620 6.256329 0.277778 0.638382 
101.681539 318.436136 93.522887 330.490340 9.348196 0.555556 4.787129 
268.666289 127.020704 266.099246 114.534487 7.598074 0.277778 7.840610 
394.370086 238.122880 389.431701 249.571036 9.677233 0.138889 15.752744 
500.690431 347.436788 487.926811 348.923351 8.691250 0.069444 14.494681 
82.195562 283.544710 94.966222 293.186207 10.524552 0.555556 5.706085 
103.271652 327.413564 98.008617 341.062135 9.780076 0.555556 3.127327 
566.765561 168.289097 553.029104 169.673476 7.953849 0.138889 2.174580 
611.727424 432.593413 624.437130 433.546285 2.856319 0.138889 0.659027 
12.903957 470.485964 4.315544 459.113931 8.754119 0.277778 2.027975 
86.730671 406.934137 97.751806 370.893122 9.562878 0.138889 21.727281 
431.197060 253.776366 437.108800 247.081449 7.884840 0.069444 1.578548 
358.719948 250.176095 353.702400 253.902467 4.633169 0.138889 0.774344 
599.747265 230.502510 595.171712 216.596750 8.592358 0.277778 1.190818 
605.799946 391.394472 612.478880 379.026095 6.775273 0.277778 3.910586 
99.512762 445.332959 116.834300 442.841982 9.356148 0.138889 6.462921 
533.868281 293.597839 520.216723 302.498819 5.143386 0.138889 4.018062 
524.118761 471.696799 543.268447 476.274990 4.703558 0.138889 1.547006 
62.250481 284.450676 79.761846 279.490802 14.932807 0.277778 17.974097 
199.261856 201.867070 197.655837 224.780188 17.084231 0.555556 0.431523 
611.698763 299.591681 609.358497 284.187601 5.882037 0.138889 7.906973 
566.801773 274.267450 548.757139 286.553433 5.781678 0.138889 5.299857 
623.912957 104.609058 632.162434 114.125842 4.301588 0.277778 1.581012 
1.273968 439.160813 5.485398 451.921075 7.905659 0.277778 6.846143 
237.422416 331.763275 250.943510 340.108973 6.539905 0.277778 4.624882 
437.466348 234.288606 454.395189 246.340867 7.079557 0.277778 3.725516 
622.214420 123.047992 619.272472 110.081060 8.644908 0.277778 2.052762 
28.114185 431.968413 50.602180 434.572097 6.260713 0.138889 5.966714 
254.183709 307.076855 244.030574 305.739113 7.599021 0.138889 1.034997 
350.880911 109.102254 363.191393 105.878535 7.946076 0.138889 6.900499 
448.965550 250.035273 435.261012 259.550387 5.030754 0.138889 8.179830 
616.990142 244.360900 603.247398 231.741704 6.688285 0.138889 9.209237 
76.379406 338.846136 68.507601 352.102199 6.918415 0.277778 8.891024 
83.159143 314.336883 69.384859 314.724950 7.532228 0.555556 2.572590 
379.756192 220.290740 385.249141 208.610402 7.334058 0.069444 2.106048 
98.265446 343.425143 88.234534 344.333960 6.844406 0.277778 1.333123 
160.970723 340.516173 161.598553 356.933375 8.886912 0.277778 3.349289 
342.198781 288.510449 319.928396 275.897854 5.066011 0.277778 2.027975 
478.172266 344.341826 469.296178 344.014876 7.632955 0.138889 4.313033 
520.553343 294.208625 538.039848 286.677292 5.245779 0.138889 9.121554 
242.652925 309.877498 233.456341 300.306617 9.013324 0.277778 2.919042 
589.782350 158.161938 583.272124 149.267316 7.726140 0.138889 1.627408 
352.235101 240.152691 359.388819 245.606875 7.765569 0.138889 8.208815 
602.854544 87.877523 594.509181 96.997780 9.909046 0.277778 14.099537 
302.191949 116.785901 301.776172 126.973002 9.991681 0.138889 14.877494 
217.722393 47.887685 215.913142 60.486877 9.194189 0.277778 6.749723 
324.762441 344.787373 314.143447 339.875607 5.032321 0.138889 0.479867 
538.662172 286.467209 555.068745 276.002873 2.583834 0.138889 0.513888 
586.948603 239.740935 582.497420 225.431388 8.726391 0.277778 1.625953 
38.127909 381.874909 38.445171 391.982655 3.865186 0.277778 0.188469 
609.569334 270.992344 597.570586 253.887071 8.812675 0.138889 0.281200 
233.473202 344.505900 231.974234 334.179153 7.601776 0.277778 0.266188 
24.076466 436.789081 23.188742 465.703711 9.167826 0.138889 9.527641 
52.235634 433.766135 67.158955 436.661373 6.849809 0.138889 0.948393 
187.571326 53.857508 196.602014 45.272879 12.459902 0.138889 3.573961 
263.612454 252.920281 261.024232 262.561012 6.039934 0.138889 0.028863 
509.819050 320.166251 516.072496 336.414924 2.980877 0.138889 1.255477 
597.366985 402.026611 601.318561 389.203527 7.903635 0.277778 3.612252 
266.583570 332.188276 268.584909 342.035576 7.349744 0.138889 1.812480 
70.610172 56.888803 63.344820 49.083973 6.857963 0.277778 1.628278 
287.019595 206.673127 279.103955 201.003413 9.297136 0.138889 6.767875 
231.188459 287.692708 223.276753 300.257636 5.686315 0.277778 5.085857 
68.512468 15.248614 77.740575 24.748430 7.147257 0.138889 1.547006 
170.346113 295.977355 155.488745 284.217855 3.339150 0.277778 2.724037 
255.198363 356.769350 245.053784 364.068406 6.118480 0.277778 0.371692 
500.500021 129.081061 481.743730 126.629186 5.929969 0.138889 13.607421 
